# Time	 TOTAL R	FREE R	BOUND R	TOTAL Adapter	FREE Adapter	BOUND Adapter
0.000000e+00 1.500000e+01 1.500000e+01 0.000000e+00 2.000000e+01 2.000000e+01 0.000000e+00
1.000100e-04 1.500000e+01 1.440000e+01 6.000000e-01 2.000000e+01 1.960000e+01 4.000000e-01
2.000100e-04 1.500000e+01 1.420000e+01 8.000000e-01 2.000000e+01 1.940000e+01 6.000000e-01
3.000100e-04 1.500000e+01 1.360000e+01 1.400000e+00 2.000000e+01 1.880000e+01 1.200000e+00
4.000100e-04 1.500000e+01 1.360000e+01 1.400000e+00 2.000000e+01 1.880000e+01 1.200000e+00
5.000100e-04 1.500000e+01 1.320000e+01 1.800000e+00 2.000000e+01 1.820000e+01 1.800000e+00
6.000000e-04 1.500000e+01 1.280000e+01 2.200000e+00 2.000000e+01 1.800000e+01 2.000000e+00
7.000000e-04 1.500000e+01 1.260000e+01 2.400000e+00 2.000000e+01 1.760000e+01 2.400000e+00
8.000000e-04 1.500000e+01 1.200000e+01 3.000000e+00 2.000000e+01 1.720000e+01 2.800000e+00
9.000000e-04 1.500000e+01 1.180000e+01 3.200000e+00 2.000000e+01 1.720000e+01 2.800000e+00
1.000000e-03 1.500000e+01 1.140000e+01 3.600000e+00 2.000000e+01 1.660000e+01 3.400000e+00
1.100000e-03 1.500000e+01 1.120000e+01 3.800000e+00 2.000000e+01 1.660000e+01 3.400000e+00
1.200000e-03 1.500000e+01 1.100000e+01 4.000000e+00 2.000000e+01 1.660000e+01 3.400000e+00
1.300000e-03 1.500000e+01 1.040000e+01 4.600000e+00 2.000000e+01 1.620000e+01 3.800000e+00
1.400010e-03 1.500000e+01 1.040000e+01 4.600000e+00 2.000000e+01 1.620000e+01 3.800000e+00
1.500010e-03 1.500000e+01 9.600000e+00 5.400000e+00 2.000000e+01 1.560000e+01 4.400000e+00
1.600010e-03 1.500000e+01 9.000000e+00 6.000000e+00 2.000000e+01 1.500000e+01 5.000000e+00
1.700010e-03 1.500000e+01 8.600000e+00 6.400000e+00 2.000000e+01 1.440000e+01 5.600000e+00
1.800010e-03 1.500000e+01 8.600000e+00 6.400000e+00 2.000000e+01 1.440000e+01 5.600000e+00
1.900010e-03 1.500000e+01 8.400000e+00 6.600000e+00 2.000000e+01 1.420000e+01 5.800000e+00
2.000010e-03 1.500000e+01 8.000000e+00 7.000000e+00 2.000000e+01 1.400000e+01 6.000000e+00
2.100010e-03 1.500000e+01 7.600000e+00 7.400000e+00 2.000000e+01 1.360000e+01 6.400000e+00
2.200010e-03 1.500000e+01 7.400000e+00 7.600000e+00 2.000000e+01 1.340000e+01 6.600000e+00
2.300010e-03 1.500000e+01 6.800000e+00 8.200000e+00 2.000000e+01 1.320000e+01 6.800000e+00
2.400010e-03 1.500000e+01 6.800000e+00 8.200000e+00 2.000000e+01 1.320000e+01 6.800000e+00
2.500010e-03 1.500000e+01 6.800000e+00 8.200000e+00 2.000000e+01 1.300000e+01 7.000000e+00
2.600010e-03 1.500000e+01 6.800000e+00 8.200000e+00 2.000000e+01 1.300000e+01 7.000000e+00
2.700010e-03 1.500000e+01 6.600000e+00 8.400000e+00 2.000000e+01 1.300000e+01 7.000000e+00
2.800010e-03 1.500000e+01 6.400000e+00 8.600000e+00 2.000000e+01 1.280000e+01 7.200000e+00
2.900010e-03 1.500000e+01 6.200000e+00 8.800000e+00 2.000000e+01 1.240000e+01 7.600000e+00
3.000010e-03 1.500000e+01 6.000000e+00 9.000000e+00 2.000000e+01 1.220000e+01 7.800000e+00
3.100010e-03 1.500000e+01 6.000000e+00 9.000000e+00 2.000000e+01 1.220000e+01 7.800000e+00
3.200010e-03 1.500000e+01 6.000000e+00 9.000000e+00 2.000000e+01 1.220000e+01 7.800000e+00
3.300010e-03 1.500000e+01 5.600000e+00 9.400000e+00 2.000000e+01 1.180000e+01 8.200000e+00
3.400010e-03 1.500000e+01 5.200000e+00 9.800000e+00 2.000000e+01 1.180000e+01 8.200000e+00
3.500010e-03 1.500000e+01 5.200000e+00 9.800000e+00 2.000000e+01 1.180000e+01 8.200000e+00
3.600010e-03 1.500000e+01 5.200000e+00 9.800000e+00 2.000000e+01 1.180000e+01 8.200000e+00
3.700010e-03 1.500000e+01 5.000000e+00 1.000000e+01 2.000000e+01 1.140000e+01 8.600000e+00
3.800010e-03 1.500000e+01 5.000000e+00 1.000000e+01 2.000000e+01 1.140000e+01 8.600000e+00
3.900010e-03 1.500000e+01 5.000000e+00 1.000000e+01 2.000000e+01 1.140000e+01 8.600000e+00
4.000010e-03 1.500000e+01 4.800000e+00 1.020000e+01 2.000000e+01 1.140000e+01 8.600000e+00
4.100010e-03 1.500000e+01 4.800000e+00 1.020000e+01 2.000000e+01 1.140000e+01 8.600000e+00
4.200010e-03 1.500000e+01 4.800000e+00 1.020000e+01 2.000000e+01 1.140000e+01 8.600000e+00
4.300010e-03 1.500000e+01 4.800000e+00 1.020000e+01 2.000000e+01 1.140000e+01 8.600000e+00
4.400010e-03 1.500000e+01 5.000000e+00 1.000000e+01 2.000000e+01 1.140000e+01 8.600000e+00
4.500010e-03 1.500000e+01 4.800000e+00 1.020000e+01 2.000000e+01 1.120000e+01 8.800000e+00
4.600010e-03 1.500000e+01 4.800000e+00 1.020000e+01 2.000000e+01 1.120000e+01 8.800000e+00
4.700010e-03 1.500000e+01 4.600000e+00 1.040000e+01 2.000000e+01 1.120000e+01 8.800000e+00
4.800010e-03 1.500000e+01 4.400000e+00 1.060000e+01 2.000000e+01 1.100000e+01 9.000000e+00
4.900010e-03 1.500000e+01 4.200000e+00 1.080000e+01 2.000000e+01 1.080000e+01 9.200000e+00
5.000010e-03 1.500000e+01 3.600000e+00 1.140000e+01 2.000000e+01 1.000000e+01 1.000000e+01
5.100010e-03 1.500000e+01 3.600000e+00 1.140000e+01 2.000000e+01 1.000000e+01 1.000000e+01
5.200010e-03 1.500000e+01 3.400000e+00 1.160000e+01 2.000000e+01 1.000000e+01 1.000000e+01
5.300010e-03 1.500000e+01 3.400000e+00 1.160000e+01 2.000000e+01 1.000000e+01 1.000000e+01
5.400010e-03 1.500000e+01 3.200000e+00 1.180000e+01 2.000000e+01 1.000000e+01 1.000000e+01
5.500010e-03 1.500000e+01 3.000000e+00 1.200000e+01 2.000000e+01 1.000000e+01 1.000000e+01
5.600010e-03 1.500000e+01 3.000000e+00 1.200000e+01 2.000000e+01 1.000000e+01 1.000000e+01
5.700010e-03 1.500000e+01 3.000000e+00 1.200000e+01 2.000000e+01 1.000000e+01 1.000000e+01
5.800010e-03 1.500000e+01 3.000000e+00 1.200000e+01 2.000000e+01 1.000000e+01 1.000000e+01
5.900010e-03 1.500000e+01 3.000000e+00 1.200000e+01 2.000000e+01 1.000000e+01 1.000000e+01
6.000010e-03 1.500000e+01 3.000000e+00 1.200000e+01 2.000000e+01 1.000000e+01 1.000000e+01
6.100010e-03 1.500000e+01 3.000000e+00 1.200000e+01 2.000000e+01 1.000000e+01 1.000000e+01
6.200010e-03 1.500000e+01 2.800000e+00 1.220000e+01 2.000000e+01 1.000000e+01 1.000000e+01
6.300010e-03 1.500000e+01 2.600000e+00 1.240000e+01 2.000000e+01 9.800000e+00 1.020000e+01
6.400010e-03 1.500000e+01 2.400000e+00 1.260000e+01 2.000000e+01 9.600000e+00 1.040000e+01
6.500010e-03 1.500000e+01 2.400000e+00 1.260000e+01 2.000000e+01 9.600000e+00 1.040000e+01
6.600010e-03 1.500000e+01 2.400000e+00 1.260000e+01 2.000000e+01 9.600000e+00 1.040000e+01
6.700010e-03 1.500000e+01 2.200000e+00 1.280000e+01 2.000000e+01 9.400000e+00 1.060000e+01
6.800010e-03 1.500000e+01 2.200000e+00 1.280000e+01 2.000000e+01 9.400000e+00 1.060000e+01
6.900010e-03 1.500000e+01 2.200000e+00 1.280000e+01 2.000000e+01 9.200000e+00 1.080000e+01
7.000010e-03 1.500000e+01 2.200000e+00 1.280000e+01 2.000000e+01 9.200000e+00 1.080000e+01
7.100010e-03 1.500000e+01 2.200000e+00 1.280000e+01 2.000000e+01 9.200000e+00 1.080000e+01
7.200010e-03 1.500000e+01 2.000000e+00 1.300000e+01 2.000000e+01 9.000000e+00 1.100000e+01
7.300010e-03 1.500000e+01 2.000000e+00 1.300000e+01 2.000000e+01 9.000000e+00 1.100000e+01
7.400010e-03 1.500000e+01 2.000000e+00 1.300000e+01 2.000000e+01 9.000000e+00 1.100000e+01
7.500010e-03 1.500000e+01 1.800000e+00 1.320000e+01 2.000000e+01 8.800000e+00 1.120000e+01
7.600010e-03 1.500000e+01 1.800000e+00 1.320000e+01 2.000000e+01 8.800000e+00 1.120000e+01
7.700010e-03 1.500000e+01 1.800000e+00 1.320000e+01 2.000000e+01 8.800000e+00 1.120000e+01
7.800010e-03 1.500000e+01 1.800000e+00 1.320000e+01 2.000000e+01 8.800000e+00 1.120000e+01
7.900010e-03 1.500000e+01 1.800000e+00 1.320000e+01 2.000000e+01 8.800000e+00 1.120000e+01
8.000010e-03 1.500000e+01 1.600000e+00 1.340000e+01 2.000000e+01 8.400000e+00 1.160000e+01
8.100010e-03 1.500000e+01 1.600000e+00 1.340000e+01 2.000000e+01 8.200000e+00 1.180000e+01
8.200010e-03 1.500000e+01 1.600000e+00 1.340000e+01 2.000000e+01 8.200000e+00 1.180000e+01
8.300010e-03 1.500000e+01 1.400000e+00 1.360000e+01 2.000000e+01 8.200000e+00 1.180000e+01
8.400010e-03 1.500000e+01 1.400000e+00 1.360000e+01 2.000000e+01 8.200000e+00 1.180000e+01
8.500010e-03 1.500000e+01 1.400000e+00 1.360000e+01 2.000000e+01 8.200000e+00 1.180000e+01
8.600010e-03 1.500000e+01 1.200000e+00 1.380000e+01 2.000000e+01 8.200000e+00 1.180000e+01
8.700010e-03 1.500000e+01 1.000000e+00 1.400000e+01 2.000000e+01 8.000000e+00 1.200000e+01
8.800010e-03 1.500000e+01 1.000000e+00 1.400000e+01 2.000000e+01 8.000000e+00 1.200000e+01
8.900010e-03 1.500000e+01 1.000000e+00 1.400000e+01 2.000000e+01 8.000000e+00 1.200000e+01
9.000010e-03 1.500000e+01 1.000000e+00 1.400000e+01 2.000000e+01 8.000000e+00 1.200000e+01
9.100010e-03 1.500000e+01 1.000000e+00 1.400000e+01 2.000000e+01 8.000000e+00 1.200000e+01
9.200010e-03 1.500000e+01 1.000000e+00 1.400000e+01 2.000000e+01 8.000000e+00 1.200000e+01
9.300010e-03 1.500000e+01 1.000000e+00 1.400000e+01 2.000000e+01 8.000000e+00 1.200000e+01
9.400010e-03 1.500000e+01 1.000000e+00 1.400000e+01 2.000000e+01 8.000000e+00 1.200000e+01
9.500010e-03 1.500000e+01 1.200000e+00 1.380000e+01 2.000000e+01 8.000000e+00 1.200000e+01
9.600010e-03 1.500000e+01 1.200000e+00 1.380000e+01 2.000000e+01 8.000000e+00 1.200000e+01
9.700010e-03 1.500000e+01 1.200000e+00 1.380000e+01 2.000000e+01 8.000000e+00 1.200000e+01
9.800010e-03 1.500000e+01 1.200000e+00 1.380000e+01 2.000000e+01 8.000000e+00 1.200000e+01
9.900010e-03 1.500000e+01 1.200000e+00 1.380000e+01 2.000000e+01 8.000000e+00 1.200000e+01
1.000001e-02 1.500000e+01 1.200000e+00 1.380000e+01 2.000000e+01 8.000000e+00 1.200000e+01
